0,5
0,222
0,396
0,395
0,394
0,393
0,392
0,391
0,390
0,389
0,388
0,387
0,385
0,384
0,280
0,277
0,269
0,268
0,267
0,266
0,265
0,264
0,263
0,262
0,261
0,260
0,259
0,258
0,386
0,257
0,256
0,255
0,254
0,253
0,252
0,251
0,250
0,249
0,248
0,247
0,246
0,245
0,244
0,242
0,241
0,240
0,239
0,238
0,237
0,236
0,235
0,234
0,233
0,232
0,231
0,230
0,229
0,228
0,227
0,226
0,225
0,224
0,223
0,221
0,220
0,219
0,218
0,217
0,216
0,215
0,214
0,213
0,212
0,211
0,210
0,209
0,208
0,207
0,206
0,2
0,205
0,310
0,309
0,303
0,301
0,299
0,296
0,319
0,282
0,281
0,48
0,312
0,279
0,318
0,46
0,274
0,311
0,317
0,202
0,201
0,308
0,307
0,305
0,316
0,197
0,300
0,195
0,298
0,297
0,295
0,294
26,3
26,2
0,293
26,1
26,0
0,292
0,291
25,4
25,3
25,2
0,290
25,1
25,0
0,289
0,288
24,4
24,3
24,2
0,287
24,1
24,0
0,286
14,3
0,285
13,3
0,272
0,271
23,3
23,2
0,12
0,11
0,275
0,276
0,10
0,9
0,284
0,8
23,1
23,0
0,7
3,3
0,51
10,317
0,549
10,316
10,315
0,548
0,243
10,314
0,547
10,313
10,312
0,546
10,311
0,545
10,310
10,309
0,544
11,30
10,308
0,543
10,307
0,542
10,306
8,18
10,305
0,541
8,17
10,304
0,540
10,303
0,539
10,302
10,301
0,538
10,300
0,537
10,299
11,29
10,298
0,536
10,297
0,535
10,296
10,295
0,534
10,294
0,533
10,293
10,292
0,532
10,291
0,531
10,290
10,289
0,530
10,288
0,529
10,287
10,286
0,528
11,28
10,285
0,527
